forces01
198 0.1

6.98364577
9.721792539
9.122915966
6.09549171
1.547995432
-3.577856341
-7.816214709
-9.28361798
-6.714800705
-1.460704744
4.448484733
8.982581248
10.13298049
7.281611308
2.022575443
-3.852928176
-8.553700626
-10.28854298
-7.560496915
-1.500452036
5.378763931
10.55201187
11.51047187
7.382832315
0.31117448
-7.238408881
-12.79982501
-13.91633381
-9.626414909
-2.092049378
6.133242223
12.49593933
14.44253496
10.40149558
2.449928894
-6.487812465
-13.48737586
-15.62911826
-11.51917249
-3.472792424
5.641965548
12.95704505
15.60438969
11.63742664
3.135562597
-6.722590641
-14.75839565
-17.793215
-13.54618295
-4.243740968
6.476188572
14.97519432
17.61528901
12.29597567
1.912850098
-9.625429481
-18.41020485
-20.5533641
-14.58286484
-3.681826627
8.436938654
18.0606191
21.47640767
16.31182103
5.310611993
-7.562896493
-18.34438149
-23.06952007
-18.55397501
-7.080367318
6.730176349
18.2476933
22.84222084
17.29779271
4.743727805
-9.911512086
-21.75937588
-25.89326995
-19.58296882
-6.43963002
8.776921553
21.30686101
26.39036344
19.94533417
4.49484939
-13.71244436
-28.38598006
-33.23550695
-24.4765353
-6.88330727
12.94416409
28.40586572
32.92972592
23.84168271
6.333605974
-13.45624748
-29.38962087
-35.3282574
-27.23983897
-9.546182546
11.20973875
28.48495179
35.73648345
28.53565767
11.14245253
-9.951548969
-28.25476222
-37.27560264
-31.50616994
-13.89257809
8.3113675
27.81758849
37.33800654
30.64641249
10.88630429
-13.91982867
-35.70751694
-46.41229104
-38.95613644
-16.45194707
11.97204914
37.10975117
49.755058
42.53503892
19.82966278
-9.342152406
-35.95014839
-50.96406691
-45.68546278
-20.95386899
11.65600933
39.99716522
51.94166814
41.21411599
15.62181479
-14.95275531
-40.62711418
-51.51878169
-40.53177735
-14.08153483
17.32693787
43.18774197
52.99497867
39.12887317
8.302476558
-28.33028176
-59.61413047
-74.39379829
-62.84306499
-29.30223859
13.32346312
52.00980971
73.73257074
66.87742677
35.2855312
-7.657312914
-48.42433878
-73.48877962
-69.76196537
-37.3471013
8.455389652
51.50339993
75.65482197
67.59219618
33.57130021
-11.86432205
-54.1413707
-78.68654589
-71.94666873
-36.70962975
11.0826348
55.11489194
79.07190866
68.73148046
29.48988922
-22.528669
-71.09083203
-99.96323772
-93.15830344
-48.96172966
12.48523893
69.19229383
99.16912653
84.97205995
36.5238341
-26.06275358
-82.65771034
-113.1310434
-99.44479181
-47.92209655
19.37746005
80.13113962
112.0162038
96.67811019
44.04859489
-23.65886493
-84.18086181
-115.2539883
-94.61483682
